16.1164703369,0.171620160341	30.7465711285,103.928735561
32.399684906,-2.77231502533	30.746501574,103.928748794
46.212184906,-3.38451480865	30.746434869,103.928766327
75.6843261719,-8.65178012848	30.7462977869,103.928787578
105.200843811,-13.9887619019	30.7461663664,103.928810397
153.409805298,-20.8920497894	30.745948659,103.928851308
186.456710815,-26.3252544403	30.7457981875,103.928876314
229.216537476,-21.4299259186	30.7456220454,103.928969102
277.959838867,36.4537658691	30.7454895876,103.929331833
257.649688721,103.488067627	30.7456731684,103.929640865
135.381652832,140.72883606      30.746251476,103.929635692
2.29346704483,139.724197388	30.7468195946,103.929424176
-32.5322723389,66.7490463257	30.7468723681,103.929001759
-7.49526786804,19.8964672089	30.7466978769,103.928802467
